------------------------------------------------------------------------------
                           GCC Code Coverage Report
Directory: .
------------------------------------------------------------------------------
File                                    Branches   Taken  Cover   Missing
------------------------------------------------------------------------------
src/config.c                                 246     133    54%   13,19,51,58,72,74,88,90,100,115,119,131,137,141,152,154,156,158,167,169,178,180,189,196,204,217,221,223,233,237,272,280,285,292,299,306,312,316,322,330,336,342,344,346,353,355,357,364,370,376,382,387,388,394,400,407,408,419,423,432,440,448,454,463,467,471,481,483,485
src/http_parser.c                             32      24    75%   14,23,39,46,48,53,59
src/log.c                                     66      32    48%   40,44,68,75,79,86,90,99,117,128,130,136,148,154,156,161,163,169,171,177,185,186,196,198,205,227,231
src/main.c                                    12       7    58%   14,19,24,32
src/router.c                                 208      76    36%   42,53,55,60,62,64,75,79,94,96,98,100,102,104,106,108,117,119,122,124,142,143,146,153,161,168,192,196,198,201,211,216,232,234,237,238,253,262,275,289,296,315,319,322,325,333,339,342,345,353,368,371,373,376,378,382,385,391,396,402,405,435,442,445,447,450,456,460,462,465
src/server.c                                 232     118    50%   48,52,53,69,70,76,82,90,121,133,144,147,148,151,155,156,157,159,160,162,168,169,176,183,193,197,200,215,241,253,272,279,284,313,318,342,345,347,349,356,363,390,408,416,424,432,435,437,439,444,446,455,460,462,469,474,476,478,486,489,491,572,575,595,602,612,641,647,654,667,674,682,689,693,702,707,714,723,724,731,733,737,739,746,754
src/thread_pool.c                             68      36    52%   63,66,68,69,88,97,100,121,122,138,149,151,155,166,176,190,193,214,220,227,230,236,239
src/tls.c                                     12       6    50%   21,33,41,48,59,74
------------------------------------------------------------------------------
TOTAL                                        876     432    49%
------------------------------------------------------------------------------
